# oST version 5.0 parameters


[image]

width
640

height
480

[narrow_stereo]

camera matrix
838.528220 0.000000 305.155063
0.000000 838.885481 237.840131
0.000000 0.000000 1.000000

distortion
0.051388 0.138504 -0.002615 -0.002342 0.000000

rectification
1.000000 0.000000 0.000000
0.000000 1.000000 0.000000
0.000000 0.000000 1.000000

projection
853.160583 0.000000 304.174809 0.000000
0.000000 852.310913 236.604219 0.000000
0.000000 0.000000 1.000000 0.000000
